1603997149.00
64.000000
-0.00
-0.00
-0.00
-0.00
-0.00
-0.00
-0.00
-0.00
-0.00
-0.00
0.00
0.01
0.01
-0.00
-0.03
-0.05
-0.05
0.00
0.13
0.36
0.66
1.01
1.37
1.72
2.06
2.40
2.79
3.24
3.80
4.42
5.06
5.66
6.20
6.68
7.15
7.68
8.31
9.14
10.09
11.04
11.88
12.56
13.14
13.76
14.65
15.96
17.91
20.32
22.90
25.38
27.58
29.57
31.68
34.32
37.81
42.54
48.15
54.10
59.83
64.97
69.58
74.14
79.34
85.71
93.76
103.00
112.62
121.73
129.77
136.75
143.30
150.75
157.77
166.64
177.95
191.79
206.97
220.57
228.25
225.36
208.53
176.87
132.76
80.05
23.07
-34.94
-92.44
-149.16
-205.23
-260.37
-313.74
-363.87
-409.83
-450.91
-486.50
-515.74
-537.23
-549.22
-549.96
-538.37
-514.21
-478.67
-433.88
-382.45
-327.02
-269.84
-212.63
-156.66
-102.95
-52.37
-5.90
35.58
71.43
101.35
125.50
144.38
158.69
169.15
176.37
180.75
182.57
182.07
179.51
175.23
169.65
163.18
156.15
148.81
141.30
133.69
126.02
118.33
110.69
103.16
95.80
88.68
81.83
75.25
68.95
62.95
57.25
51.86
46.78
42.02
37.58
33.45
29.62
26.10
22.85
19.86
17.12
14.60
12.30
10.25
8.44
6.88
5.59
4.51
3.62
2.86
2.18
1.58
1.05
0.60
0.26
0.03
-0.12
-0.23
-0.37
-0.57
-0.85
-1.16
-1.41
-1.54
-1.53
-1.42
-1.34
-1.42
-1.77
-2.37
-3.08
-3.70
-4.05
-4.05
-3.81
-3.59
-3.69
-4.32
-5.47
-6.89
-8.20
-9.00
-9.15
-8.78
-8.33
-8.33
-9.13
-10.79
-12.93
-14.98
-16.39
-16.85
-16.43
-15.55
-14.79
-14.80
-16.13
-19.10
-23.43
-28.01
-30.84
-29.57
-22.39
-8.97
9.04
28.39
45.31
56.85
61.78
60.66
55.23
47.60
39.62
32.62
27.48
24.66
24.17
25.51
27.74
29.75
30.62
29.85
27.44
23.82
19.57
15.31
11.49
8.28
5.56
2.72
-0.83
-5.45
-10.95
-16.64
-21.55
-24.82
-26.08
-25.54
-23.90
-21.97
-20.47
-19.77
-19.83
-20.22
-20.16
-18.71
-15.10
-9.15
-1.44
6.68
13.50
17.60
18.39
16.32
12.54
8.37
4.66
1.61
-1.09
-3.81
-6.64
-9.30
-11.41
-12.79
-13.62
-14.37
-15.40
-16.70
-17.93
-18.52
-18.14
-16.84
-15.11
-13.62
-12.98
-13.45
-14.97
-17.31
-20.12
-23.02
-25.57
-27.27
-27.67
-26.56
-24.06
-20.68
-17.23
-14.42
-12.55
-11.28
-9.77
-6.83
-1.87
5.31
14.28
23.86
32.49
38.58
40.94
39.22
34.04
26.95
20.11
15.60
14.81
17.96
24.07
31.26
37.46
41.04
41.27
38.38
33.22
26.85
20.20
13.97
8.61
4.40
1.46
-0.24
-0.93
-1.11
-1.35
-2.26
-4.27
-7.49
-11.69
-16.28
-20.52
-23.73
-25.63
-26.39
-26.67
-27.32
-29.07
-32.23
-36.54
-41.24
-45.23
-47.40
-46.98
-43.72
-37.93
-30.34
-21.80
-12.97
-4.19
4.49
13.00
21.00
27.78
32.36
33.94
32.23
27.72
21.62
15.60
11.33
10.00
11.80
15.61
19.11
19.41
14.15
2.61
-13.50
-30.36
-43.18
-48.03
-43.43
-30.93
-14.50
1.08
11.94
16.26
14.40
8.07
-0.70
-10.56
-21.05
-32.46
-45.10
-58.85
-72.77
-85.23
-94.27
-98.10
-95.56
-86.46
-71.73
-53.23
-33.37
-14.55
1.38
13.47
21.79
27.01
30.00
31.31
31.05
29.12
25.61
21.19
17.01
14.39
14.09
16.00
19.01
21.57
22.40
21.00
17.80
13.83
10.19
7.58
6.26
6.13
7.07
9.09
12.27
16.53
21.46
26.14
29.44
30.21
27.72
21.84
13.06
2.40
-8.80
-19.16
-27.47
-32.93
-35.20
-34.41
-31.08
-25.98
-19.99
-13.94
-8.57
-4.48
-2.07
-1.56
-2.92
-5.90
-10.04
-14.72
-19.21
-22.63
-24.06
-22.57
-17.49
-8.59
3.73
18.42
34.01
48.85
61.43
70.69
76.08
77.65
76.04
72.49
68.68
66.38
66.93
70.71
76.83
83.18
86.99
85.53
76.91
60.52
37.18
8.98
-21.23
-50.24
-75.04
-93.24
-103.38
-105.12
-99.21
-87.29
-71.58
-54.44
-37.96
-23.68
-12.38
-4.15
1.46
5.16
7.61
9.29
10.40
10.93
10.76
9.78
8.05
5.90
3.99
3.16
4.13
7.23
12.18
18.13
23.91
28.38
30.80
30.92
28.97
25.53
21.31
16.97
13.02
9.70
7.01
4.72
2.64
0.75
-0.66
-1.04
0.17
3.26
8.03
13.91
20.07
25.83
30.81
34.99
38.52
41.52
43.88
45.27
45.23
43.32
39.22
32.85
24.41
14.40
3.59
-7.04
-16.58
-24.31
-29.85
-33.15
-34.23
-33.11
-29.69
-23.94
-16.10
-6.84
2.67
11.00
16.72
18.79
16.74
10.91
2.37
-7.21
-15.92
-22.08
-24.59
-23.20
-18.35
-10.89
-1.67
8.66
19.64
30.79
41.35
50.23
56.18
58.09
55.34
48.07
37.14
23.99
10.31
-2.32
-12.69
-20.14
-24.56
-26.34
-26.19
-24.94
-23.40
-22.16
-21.52
-21.43
-21.64
-21.77
-21.53
-20.70
-19.09
-16.52
-12.74
-7.63
-1.40
5.31
11.47
15.93
17.77
16.57
12.50
6.21
-1.28
-8.72
-14.79
-18.25
-18.18
-14.25
-6.86
2.98
13.87
24.48
33.74
41.03
45.99
48.42
48.18
45.27
39.98
32.98
25.29
17.98
11.84
7.15
3.66
0.78
-1.99
-4.83
-7.60
-10.01
-11.96
-13.77
-16.08
-19.50
-24.30
-30.13
-36.20
-41.59
-45.62
-47.95
-48.46
-46.95
-43.21
-37.26
-29.78
-22.30
-16.87
-15.28
-18.25
-25.05
-33.73
-42.03
-48.16
-51.31
-51.47
-48.94
-43.85
-36.13
-25.79
-13.33
0.06
12.69
22.84
29.25
31.42
29.59
24.58
17.51
9.63
2.20
-3.60
-6.80
-6.80
-3.55
2.41
10.00
17.86
24.63
29.29
31.39
31.17
29.50
27.62
26.77
27.76
30.75
35.21
40.19
44.55
47.32
47.78
45.60
40.80
33.88
25.75
17.59
10.69
6.01
4.00
4.48
6.68
9.49
11.78
12.60
11.39
8.06
2.92
-3.47
-10.48
-17.62
-24.59
-31.26
-37.44
-42.77
-46.68
-48.50
-47.74
-44.29
-38.54
-31.30
-23.60
-16.43
-10.54
-6.33
-3.81
-2.77
-2.82
-3.55
-4.56
-5.46
-5.91
-5.61
-4.42
-2.38
0.22
2.88
5.03
6.20
6.18
5.07
3.26
1.34
-0.12
-0.68
-0.06
1.86
5.01
9.17
14.00
19.02
23.71
27.62
30.40
31.93
32.20
31.30
29.36
26.51
22.91
18.75
14.25
9.66
5.20
1.09
-2.53
-5.56
-7.95
-9.63
-10.55
-10.64
-9.86
-8.25
-6.01
-3.40
-0.66
2.14
5.13
8.58
12.67
17.32
22.09
26.30
29.26
30.47
29.64
26.81
22.21
16.30
9.74
3.36
-1.95
-5.51
-6.98
-6.41
-4.22
-0.99
2.68
6.21
9.07
10.81
11.04
9.57
6.41
1.73
-4.12
-10.76
-17.77
-24.70
-31.11
-36.59
-40.82
-43.59
-44.82
-44.46
-42.46
-38.84
-33.70
-27.39
-20.50
-13.84
-8.22
-4.29
-2.32
-2.28
-3.91
-6.98
-11.39
-17.24
-24.64
-33.43
-42.96
-52.03
-59.13
-62.85
-62.20
-56.97
-47.61
-35.12
-20.76
-5.85
8.31
20.57
29.98
36.00
38.63
38.45
36.44
33.69
31.08
29.09
27.78
26.96
26.42
26.00
25.67
25.34
24.84
23.89
22.19
19.61
16.26
12.39
8.25
4.04
-0.24
-4.60
-8.95
-13.04
-16.43
-18.69
-19.59
-19.22
-18.02
-16.65
-15.77
-15.89
-17.06
-18.86
-20.38
-20.43
-18.02
-12.61
-4.50
5.23
14.92
22.72
27.17
27.50
23.97
17.77
10.66
4.49
0.61
-0.45
1.02
4.15
7.90
11.31
13.66
14.38
13.08
9.61
4.28
-2.05
-8.02
-12.22
-13.67
-12.22
-8.62
-4.18
-0.31
2.02
2.43
1.08
-1.62
-5.35
-9.95
-15.43
-21.79
-28.82
-36.05
-42.84
-48.50
-52.47
-54.36
-53.92
-50.96
-45.35
-37.08
-26.44
-14.08
-0.95
11.88
23.39
32.77
39.38
42.74
42.51
38.66
31.61
22.33
12.27
3.03
-4.02
-8.06
-8.96
-7.16
-3.52
1.02
5.56
9.39
12.04
13.24
12.87
10.95
7.61
3.18
-1.87
-6.95
-11.53
-15.24
-18.04
-20.12
-21.87
-23.68
-25.89
-28.71
-32.27
-36.55
-41.46
-46.69
-51.75
-55.94
-58.38
-58.18
-54.58
-47.18
-36.16
-22.37
-7.22
7.54
20.23
29.57
34.97
36.58
35.20
32.04
28.46
25.63
24.37
25.00
27.35
30.87
34.83
38.38
40.69
41.06
39.02
34.53
28.15
20.94
14.22
9.08
5.99
4.66
4.20
3.61
2.14
-0.33
-3.44
-6.60
-9.44
-12.07
-15.05
-19.05
-24.27
-29.95
-34.25
-34.68
-28.95
-16.00
3.35
26.34
48.93
66.84
76.66
76.67
67.36
51.41
33.28
18.19
10.74
13.43
25.56
43.32
60.90
72.51
74.31
65.50
48.23
26.44
4.36
-14.71
-28.91
-37.65
-41.19
-40.22
-35.65
-28.59
-20.43
-12.75
-7.04
-4.31
-4.84
-8.11
-13.11
-18.79
-24.49
-30.14
-36.00
-42.20
-48.27
-52.95
-54.54
-51.49
-43.15
-30.12
-14.12
2.57
17.72
29.73
37.82
41.95
42.60
40.44
36.23
30.67
24.37
17.91
11.84
6.74
3.11
1.25
1.03
1.75
2.27
1.32
-2.03
-8.10
-16.43
-25.98
-35.37
-43.23
-48.37
-50.01
-47.88
-42.35
-34.50
-25.86
-18.10
-12.58
-9.95
-10.10
-12.35
-15.76
-19.39
-22.18
-22.94
-20.37
-13.57
-2.66
10.70
23.96
34.71
42.12
47.35
52.78
60.20
69.32
77.64
81.80
79.80
72.36
62.75
54.83
50.79
49.83
48.69
43.66
32.70
16.54
-1.90
-19.03
-32.34
-41.17
-46.42
-49.62
-51.80
-53.08
-52.88
-50.61
-46.34
-40.98
-36.16
-33.51
-34.14
-38.27
-45.19
-53.53
-61.70
-68.05
-71.00
-69.11
-61.33
-47.44
-28.46
-6.79
14.15
30.92
41.10
44.22
41.74
36.40
30.96
27.09
25.02
23.86
22.50
20.43
18.10
16.59
16.86
19.09
22.41
25.18
25.77
23.20
17.54
9.63
0.68
-8.35
-16.95
-24.99
-32.42
-38.94
-43.97
-46.80
-47.03
-44.80
-40.77
-35.81
-30.56
-25.08
-18.95
-11.69
-3.19
6.11
15.46
24.18
31.89
38.42
43.48
46.51
46.78
43.81
37.77
29.65
20.92
12.99
6.75
2.43
-0.18
-1.33
-1.11
0.54
3.63
7.83
12.47
16.61
19.32
19.92
18.25
14.62
9.74
4.47
-0.46
-4.63
-7.99
-10.89
-13.74
-16.83
-20.08
-22.93
-24.55
-24.14
-21.37
-16.56
-10.71
-5.27
-1.82
-1.71
-5.65
-13.34
-23.15
-32.12
-36.54
-32.97
-19.56
3.15
32.12
62.69
89.90
109.84
120.34
121.05
113.11
98.75
80.99
63.25
48.86
40.11
37.54
39.58
42.99
44.05
39.96
29.73
14.35
-3.92
-22.67
-40.21
-55.95
-70.05
-82.74
-93.64
-101.43
-104.10
-99.60
-86.85
-66.49
-41.20
-15.27
6.31
19.33
21.28
11.89
-6.74
-30.44
-53.52
-69.48
-72.34
-58.34
-27.65
14.83
60.53
99.98
126.16
136.74
134.07
122.96
107.74
90.34
70.43
47.30
21.77
-3.11
-23.37
-36.39
-42.60
-45.47
-49.66
-58.43
-71.78
-86.38
-97.46
-100.99
-95.57
-82.85
-66.41
-50.04
-36.19
-25.36
-16.61
-8.61
-0.58
7.25
13.97
18.60
20.67
20.42
18.60
16.07
13.49
11.21
9.36
8.03
7.39
7.70
9.16
11.72
15.00
18.28
20.75
21.74
20.92
18.48
14.93
10.94
6.98
3.14
-0.91
-5.69
-11.57
-18.35
-25.16
-30.65
-33.42
-32.67
-28.47
-21.87
-14.44
-7.82
-3.31
-1.68
-3.02
-6.58
-10.75
-13.36
-12.56
-7.78
-0.39
6.63
10.16
8.74
3.71
-1.13
-1.38
5.68
19.76
37.80
55.72
70.29
80.08
84.94
84.74
78.49
64.57
42.03
11.91
-22.33
-55.59
-83.03
-101.85
-112.04
-115.85
-116.30
-115.61
-114.35
-111.71
-106.30
-97.23
-84.59
-69.47
-53.55
-38.58
-26.10
-17.29
-12.87
-12.93
-16.58
-21.76
-25.36
-23.93
-14.81
2.75
27.00
53.98
78.77
97.21
107.41
110.47
109.90
110.06
114.45
124.31
138.58
154.66
169.70
181.68
189.74
193.95
194.86
193.13
189.73
186.12
184.29
186.10
192.26
201.49
210.48
215.01
211.67
199.48
180.32
158.19
137.40
120.82
108.80
99.37
89.37
75.93
57.71
35.19
10.27
-14.68
-37.55
-57.02
-72.53
-83.99
-91.42
-94.93
-94.77
-91.63
-86.64
-81.16
-76.37
-72.89
-70.64
-69.14
-67.74
-66.02
-63.89
-61.50
-59.12
-56.91
-54.90
-52.94
-50.75
-48.11
-44.87
-41.10
-36.99
-32.80
-28.72
-24.83
-21.04
-17.20
-13.15
-8.84
-4.36
-0.01
3.79
6.52
7.66
6.70
3.30
-2.59
-10.65
-19.95
-29.08
-36.33
-40.08
-39.33
-33.95
-24.84
-13.60
-2.19
7.60
14.47
17.80
17.77
15.16
11.28
7.58
5.37
5.45
7.98
12.50
18.16
23.84
28.36
30.58
29.64
25.24
17.78
8.37
-1.70
-11.53
-20.98
-30.72
-41.63
-54.22
-68.15
-82.40
-95.61
-106.57
-114.58
-119.31
-120.75
-118.98
-114.27
-107.16
-98.49
-89.36
-80.94
-74.27
-70.04
-68.44
-69.09
-71.10
-73.37
-74.89
-75.13
-74.22
-72.70
-71.16
-69.85
-68.52
-66.49
-62.98
-57.26
-48.98
-38.19
-25.46
-11.92
0.88
11.30
18.11
20.84
19.89
16.25
11.00
4.92
-1.60
-8.32
-14.77
-20.17
-23.54
-24.11
-21.65
-16.52
-9.51
-1.62
6.18
13.08
18.41
21.67
22.56
21.03
17.35
12.09
6.10
0.39
-4.07
-6.67
-7.42
-6.97
-6.49
-7.10
-9.42
-13.18
-17.29
-20.31
-21.13
-19.43
-15.83
-11.58
-7.95
-5.65
-4.65
-4.25
-3.49
-1.72
1.24
4.99
8.83
12.08
14.26
15.06
14.27
11.61
6.79
-0.27
-9.11
-18.64
-27.13
-32.71
-33.69
-29.06
-18.72
-3.59
14.43
32.62
47.76
56.70
57.00
47.58
29.08
3.85
-24.56
-52.11
-75.17
-91.22
-99.30
-100.15
-95.92
-89.64
-84.32
-82.09
-83.43
-87.09
-90.67
-91.59
-88.17
-80.06
-67.99
-53.17
-36.63
-19.18
-1.80
13.96
26.00
32.20
31.51
24.57
13.77
2.32
-6.83
-12.00
-12.94
-10.36
-5.18
2.00
11.00
21.94
34.93
49.82
66.10
82.80
98.63
112.12
121.88
126.86
126.42
120.36
108.65
91.56
69.71
44.44
18.00
-6.65
-26.58
-39.85
-46.31
-47.71
-46.96
-46.95
-49.58
-55.29
-63.40
-72.68
-81.83
-89.55
-94.53
-95.53
-91.87
-84.00
-73.66
-63.40
-55.46
-50.77
-48.58
-46.93
-43.83
-38.21
-30.27
-20.92
-10.98
-0.70
10.18
21.85
33.76
44.51
52.27
55.52
53.71
47.45
38.18
27.50
16.50
5.57
-5.41
-16.46
-26.90
-35.30
-39.90
-39.48
-34.14
-25.55
-16.50
-9.90
-7.66
-10.00
-15.40
-21.13
-24.31
-22.79
-15.93
-4.69
8.81
22.10
33.15
40.99
45.72
48.17
49.26
49.49
48.64
45.84
39.83
29.56
14.84
-2.76
-19.65
-30.78
-31.11
-17.80
8.35
42.67
78.18
108.00
127.55
135.46
132.84
121.75
103.86
80.10
51.20
18.71
-14.65
-45.42
-70.41
-87.82
-97.62
-101.30
-100.89
-97.89
-92.53
-83.70
-69.74
-49.54
-23.60
5.60
33.95
56.92
70.88
74.22
67.82
54.57
38.53
23.65
12.82
7.27
6.52
8.87
12.18
14.55
14.80
12.46
7.53
0.09
-9.76
-21.72
-34.94
-47.90
-58.62
-65.29
-66.99
-64.13
-58.26
-51.46
-45.41
-40.69
-36.70
-32.04
-25.25
-15.60
-3.37
10.24
23.66
35.41
44.68
51.42
56.38
60.77
65.87
72.60
81.17
90.93
100.50
108.15
112.21
111.57
105.98
96.07
83.20
69.06
55.14
42.43
31.20
21.23
12.12
3.73
-3.69
-9.65
-13.72
-15.96
-16.91
-17.45
-18.38
-20.22
-23.14
-27.08
-32.00
-37.86
-44.55
-51.64
-58.35
-63.56
-66.15
-65.32
-60.84
-53.15
-43.22
-32.36
-21.82
-12.64
-5.33
0.11
4.25
8.05
12.60
18.70
26.52
35.39
43.95
50.47
53.46
52.17
46.81
38.35
28.11
17.16
6.14
-4.64
-14.79
-23.45
-29.27
-30.80
-27.16
-18.61
-6.80
5.67
15.92
21.66
21.70
16.09
5.94
-7.14
-21.29
-34.77
-46.05
-53.86
-57.37
-56.25
-50.94
-42.61
-33.05
-24.16
-17.41
-13.38
-11.60
-10.79
-9.37
-5.97
0.33
9.90
22.63
37.87
54.28
69.86
82.25
89.32
89.94
84.42
74.44
62.45
50.95
41.89
36.37
34.76
36.78
41.71
48.46
55.80
62.55
67.79
70.84
71.29
68.88
63.57
55.81
46.63
37.51
29.87
24.42
20.73
17.37
12.59
5.14
-5.03
-16.81
-28.39
-38.08
-44.95
-49.15
-51.68
-53.83
-56.67
-60.69
-65.82
-71.66
-77.49
-82.26
-84.45
-82.22
-73.97
-59.20
-39.13
-16.65
4.53
21.35
32.32
37.90
39.64
38.97
36.33
31.14
22.73
11.38
-1.22
-12.38
-19.61
-21.85
-20.02
-16.67
-14.85
-16.86
-23.43
-33.68
-45.83
-57.94
-68.34
-75.52
-77.93
-73.94
-62.33
-43.12
-18.08
9.37
35.07
55.35
67.97
72.51
69.94
62.01
50.64
37.74
25.10
14.28
6.32
1.39
-1.30
-3.26
-6.10
-10.82
-17.32
-24.40
-30.21
-33.19
-32.74
-29.46
-24.73
-19.95
-15.70
-11.45
-6.07
1.44
11.03
21.54
31.10
38.04
41.55
41.90
39.98
36.76
32.78
28.08
22.45
15.85
8.67
1.68
-4.17
-8.25
-10.47
-11.48
-12.32
-14.10
-17.54
-22.72
-29.09
-35.68
-41.53
-46.00
-48.98
-50.82
-52.08
-53.24
-54.48
-55.59
-56.09
-55.48
-53.44
-49.92
-45.15
-39.49
-33.30
-26.80
-20.09
-13.05
-5.44
3.04
12.57
22.97
33.58
43.21
50.39
53.81
52.74
47.34
38.42
27.21
14.89
2.37
-9.76
-21.06
-31.23
-40.04
-47.51
-53.97
-60.05
-66.57
-74.23
-83.29
-93.39
-103.60
-112.65
-119.36
-123.06
-123.87
-122.71
-121.10
-120.61
-122.35
-126.68
-133.16
-140.81
-148.54
-155.38
-160.65
-163.82
-164.26
-161.19
-153.82
-141.58
-124.37
-102.57
-76.92
-48.29
-17.54
14.50
47.06
79.69
112.33
145.44
179.45
214.10
247.92
278.31
302.19
316.97
321.24
314.87
298.65
273.99
242.92
208.47
174.73
146.21
126.51
116.89
115.73
119.26
123.43
125.58
125.06
122.40
117.77
110.12
97.41
78.13
53.07
25.96
2.46
-12.28
-16.05
-10.51
0.04
11.22
21.07
30.82
43.65
62.11
85.99
111.88
134.83
150.95
159.35
162.24
163.05
163.97
164.33
160.87
149.56
127.78
95.68
56.34
14.83
-23.09
-52.30
-69.29
-72.89
-64.62
-48.40
-29.51
-13.15
-2.96
-0.33
-4.23
-11.80
-19.30
-23.24
-21.82
-15.75
-8.34
-4.33
-7.80
-20.20
-39.57
-61.35
-80.47
-93.47
-99.42
-99.38
-95.13
-88.10
-79.11
-68.97
-58.99
-50.92
-46.27
-45.57
-48.09
-52.14
-55.79
-57.61
-57.10
-54.68
-51.32
-48.14
-45.94
-44.87
-44.45
-43.79
-42.07
-38.81
-34.23
-29.03
-24.12
-20.22
-17.63
-16.23
-15.64
-15.50
-15.63
-16.02
-16.72
-17.71
-18.87
-19.97
-20.82
-21.34
-21.58
-21.70
-21.87
-22.19
-22.66
-23.26
-23.90
-24.57
-25.31
-26.18
-27.30
-28.72
-30.48
-32.49
-34.55
-36.33
-37.49
-37.72
-36.87
-34.95
-32.12
-28.54
-24.39
-19.84
-15.12
-10.54
-6.49
-3.32
-1.22
-0.23
-0.17
-0.80
-1.84
-3.09
-4.36
-5.51
-6.39
-6.93
-7.05
-6.78
-6.25
-5.60
-5.04
-4.69
-4.62
-4.80
-5.17
-5.74
-6.53
-7.63
-9.04
-10.67
-12.33
-13.85
-15.22
-16.58
-18.21
-20.25
-22.58
-24.71
-25.91
-25.47
-22.98
-18.52
-12.68
-6.32
-0.32
4.66
8.31
10.66
11.92
12.41
12.40
12.08
11.55
10.82
9.91
8.79
7.50
6.12
4.76
3.60
2.78
2.41
2.49
2.92
3.46
3.85
3.85
3.35
2.42
1.23
-0.03
-1.28
-2.61
-4.23
-6.35
-9.06
-12.28
-15.75
-19.16
-22.25
-24.93
-27.27
-29.48
-31.86
-34.75
-38.42
-43.04
-48.51
-54.28
-59.41
-62.77
-63.51
-61.52
-57.86
-54.46
-53.41
-56.02
-61.99
-69.39
-75.41
-77.62
-74.91
-68.03
-59.08
-50.67
-45.12
-44.04
-48.17
-57.11
-68.96
-80.20
-86.39
-83.77
-70.77
-49.05
-22.78
3.14
25.07
41.70
53.82
63.20
71.37
79.04
86.31
93.06
99.26
104.68
108.65
109.95
107.36
100.45
89.96
77.70
65.91
56.41
49.97
46.29
44.37
43.34
43.27
45.45
51.83
63.63
80.06
97.38
109.74
110.84
96.36
65.50
21.01
-31.98
-87.65
-140.71
-186.65
-221.49
-241.82
-245.69
-233.74
-209.86
-180.09
-150.24
-123.26
-98.12
-70.96
-37.93
1.73
44.54
83.92
113.30
129.19
132.63
128.32
122.16
118.55
118.51
119.91
118.89
111.91
97.31
75.71
49.53
21.81
-4.65
-27.85
-46.41
-59.36
-65.87
-65.38
-58.01
-44.88
-28.29
-11.34
2.79
11.76
14.75
12.56
7.21
1.14
-3.60
-5.91
-5.71
-3.63
-0.53
2.89
6.29
9.62
12.97
16.38
19.72
22.67
24.80
25.59
24.55
21.27
15.52
7.32
-2.81
-14.00
-25.05
-34.79
-42.35
-47.38
-50.17
-51.34
-51.69
-51.84
-52.11
-52.58
-53.02
-53.06
-52.08
-49.36
-44.11
-35.80
-24.37
-10.33
5.43
22.09
39.17
56.41
73.29
88.52
100.03
105.52
103.64
94.79
81.16
65.85
51.49
39.20
28.48
18.13
7.38
-3.18
-11.80
-16.44
-15.94
-10.70
-2.69
5.37
10.94
12.43
9.53
2.99
-5.76
-15.06
-23.29
-29.02
-31.24
-29.54
-24.35
-16.97
-9.21
-2.86
1.07
2.66
2.97
3.53
5.59
9.76
15.97
23.78
32.79
42.82
53.64
64.74
75.01
82.92
87.11
87.02
83.26
77.35
70.88
64.65
58.26
50.38
39.73
26.03
10.39
-4.95
-17.55
-25.74
-29.13
-28.47
-25.00
-19.89
-13.88
-7.44
-1.05
4.49
8.20
9.21
7.12
2.25
-4.47
-11.96
-19.39
-26.45
-33.29
-40.09
-46.66
-52.26
-55.67
-55.69
-51.54
-43.21
-31.38
-17.25
-2.10
12.96
27.12
39.95
51.18
60.65
68.21
73.64
76.72
77.23
75.07
70.45
64.02
56.85
50.40
46.06
44.79
46.75
51.17
56.49
60.66
61.47
56.86
45.43
26.91
2.61
-24.57
-50.69
-71.93
-85.80
-91.89
-91.85
-88.56
-85.03
-83.41
-84.70
-88.84
-94.95
-101.59
-106.99
-109.25
-106.91
-99.50
-87.93
-74.23
-60.87
-49.81
-41.72
-35.70
-29.60
-20.70
-6.67
13.63
39.63
68.91
97.49
120.65
134.06
134.98
123.17
101.15
73.57
45.93
22.94
7.35
-0.64
-2.87
-2.16
-1.08
-1.10
-2.46
-4.69
-7.23
-9.96
-13.20
-17.37
-22.68
-29.00
-35.92
-43.00
-49.78
-55.66
-59.77
-61.05
-58.47
-51.50
-40.39
-26.28
-10.83
4.19
17.38
27.90
35.40
39.90
41.64
41.04
38.66
35.17
31.14
26.86
22.35
17.49
12.45
7.90
5.02
4.97
8.36
14.70
22.43
29.38
33.52
33.70
29.93
23.23
15.13
7.08
-0.02
-5.99
-11.30
-16.76
-23.18
-30.95
-39.92
-49.25
-57.56
-63.18
-64.54
-60.54
-50.99
-36.78
-19.75
-2.20
13.74
26.74
36.40
43.13
47.60
50.35
51.60
51.34
49.57
46.46
42.33
37.59
32.61
27.74
23.30
19.55
16.61
14.32
12.32
10.14
7.42
4.06
0.15
-4.14
-8.72
-13.70
-19.35
-25.91
-33.43
-41.60
-49.69
-56.64
-61.16
-62.09
-58.65
-50.67
-38.70
-23.90
-7.84
7.86
21.77
32.84
40.56
44.98
46.68
46.58
45.75
45.07
44.98
45.35
45.43
44.14
40.38
33.56
24.00
13.01
2.66
-4.87
-8.03
-6.50
-1.28
5.72
12.39
17.21
19.61
19.98
19.15
17.93
16.63
15.00
12.32
7.67
0.22
-10.52
-24.37
-40.32
-56.38
-69.86
-77.98
-78.77
-71.81
-58.48
-41.66
-24.73
-10.58
-0.78
4.52
6.33
6.12
5.27
4.65
4.53
4.58
4.00
1.91
-2.33
-8.71
-16.39
-23.95
-29.81
-32.97
-33.38
-32.08
-30.82
-31.61
-36.01
-44.52
-56.03
-67.49
-74.26
-71.11
-54.05
-22.11
21.53
69.92
114.23
146.51
162.21
161.39
148.15
128.73
109.28
94.09
85.01
81.70
82.41
84.67
85.80
83.17
74.59
58.66
35.37
6.30
-25.54
-56.30
-82.29
-100.89
-111.20
-113.99
-111.29
-105.44
-98.24
-90.42
-81.69
-71.19
-58.17
-42.60
-25.24
-7.39
9.60
24.79
37.77
48.48
56.85
62.54
64.90
63.35
57.79
48.89
38.17
27.61
19.11
13.93
12.34
13.64
16.41
19.01
20.05
18.71
14.91
9.16
2.27
-4.93
-11.88
-18.29
-24.11
-29.36
-34.01
-37.98
-41.17
-43.61
-45.40
-46.76
-48.01
-49.47
-51.48
-54.34
-58.22
-62.96
-67.84
-71.47
-71.92
-67.31
-56.52
-39.87
-19.24
2.45
22.21
37.95
49.02
55.98
59.95
61.87
62.08
60.51
57.13
52.26
46.61
40.97
35.82
31.04
26.08
20.22
13.04
4.67
-4.22
-12.62
-19.57
-24.42
-27.07
-27.93
-27.84
-27.77
-28.58
-30.77
-34.29
-38.49
-42.30
-44.52
-44.13
-40.58
-33.74
-23.80
-11.12
3.81
20.19
36.77
51.90
63.80
71.13
73.48
71.60
67.05
61.71
56.97
53.33
50.49
47.63
44.06
39.44
33.95
27.98
21.93
15.88
9.67
2.97
-4.52
-12.90
-22.05
-31.70
-41.53
-51.14
-60.06
-67.69
-73.32
-76.24
-75.90
-72.08
-65.05
-55.52
-44.56
-33.26
-22.65
-13.41
-5.80
0.41
5.91
11.56
18.00
25.25
32.58
38.72
42.46
43.19
41.27
37.79
34.00
30.75
28.17
25.79
23.00
19.47
15.39
11.31
7.81
5.19
3.36
1.82
-0.07
-2.94
-7.23
-13.11
-20.51
-29.02
-37.91
-46.05
-52.05
-54.46
-52.23
-45.08
-33.75
-19.99
-6.03
5.96
14.42
18.74
19.18
16.64
12.34
7.64
3.91
2.43
4.07
8.99
16.35
24.45
31.18
34.74
34.29
30.16
23.69
16.58
10.36
5.91
3.48
2.92
3.85
5.90
8.59
11.28
13.05
12.79
9.54
2.79
-7.14
-19.07
-31.15
-41.35
-48.03
-50.27
-48.07
-42.19
-33.83
-24.34
-14.90
-6.31
1.03
7.07
12.01
16.18
19.94
23.72
27.97
33.21
39.63
46.81
53.36
57.04
55.32
46.43
30.33
9.09
-13.40
-32.54
-44.37
-46.72
-39.71
-25.61
-7.94
9.47
23.43
32.04
34.71
31.96
24.92
14.83
2.84
-10.05
-22.82
-34.37
-43.53
-49.22
-50.75
-48.03
-41.68
-32.86
-23.06
-13.67
-5.78
0.14
4.04
6.16
6.73
5.84
3.47
-0.33
-5.19
-10.41
-14.97
-17.80
-17.96
-14.83
-8.35
0.87
11.54
21.76
29.45
32.95
31.65
26.28
18.69
11.24
5.83
3.36
3.57
5.50
8.14
10.90
13.59
16.12
18.06
18.46
16.07
9.85
-0.49
-14.14
-29.26
-43.38
-54.04
-59.45
-59.02
-53.48
-44.67
-34.97
-26.58
-20.91
-18.40
-18.56
-20.37
-22.71
-24.67
-25.78
-26.01
-25.62
-24.80
-23.43
-20.85
-16.12
-8.50
2.06
14.57
27.18
37.64
44.07
45.40
41.62
33.76
23.79
14.51
9.29
11.42
23.14
44.57
73.19
104.23
131.94
151.37
159.89
157.75
147.55
132.90
116.86
101.12
86.05
71.52
57.64
45.06
34.52
26.25
19.61
13.46
6.88
-0.22
-7.05
-12.54
-16.16
-18.50
-21.04
-25.38
-32.33
-41.39
-50.86
-58.41
-61.90
-60.09
-53.03
-42.16
-30.26
-21.01
-18.24
-25.04
-42.75
-70.34
-104.44
-139.94
-171.26
-193.44
-203.05
-198.69
-181.00
-152.56
-117.54
-80.95
-47.51
-20.39
-0.32
14.14
25.52
35.81
45.47
53.56
58.80
60.85
60.90
61.01
62.86
66.68
71.11
74.13
74.37
72.09
69.16
68.20
71.18
78.59
89.28
101.16
112.24
121.44
128.74
134.77
140.08
144.79
148.79
152.29
156.07
161.32
168.80
177.77
185.60
188.36
182.39
165.93
140.03
108.25
75.19
44.85
19.44
-0.70
-16.31
-28.23
-36.78
-41.89
-43.58
-42.45
-39.56
-36.03
-32.46
-28.75
-24.47
-19.46
-14.30
-10.30
-8.96
-11.30
-17.22
-25.59
-34.84
-43.69
-51.63
-58.96
-66.32
-74.20
-82.48
-90.46
-97.01
-101.05
-101.89
-99.55
-94.69
-88.43
-81.97
-76.12
-71.09
-66.54
-61.94
-56.99
-51.89
-47.24
-43.72
-41.76
-41.51
-43.00
-46.18
-50.70
-55.69
-59.59
-60.40
-56.56
-47.74
-35.36
-22.16
-11.20
-4.78
-3.63
-6.98
-13.09
-20.08
-26.47
-31.47
-34.97
-37.29
-39.05
-41.06
-43.90
-47.61
-51.45
-54.09
-53.94
-49.77
-41.14
-28.70
-14.20
0.37
13.64
25.49
37.02
49.69
64.18
79.34
91.95
97.10
90.50
70.40
38.66
0.03
-39.59
-75.10
-103.70
-125.21
-142.44
-158.48
-174.81
-190.86
-205.01
-215.81
-222.31
-223.80
-219.26
-209.87
-196.67
-180.04
-160.13
-138.01
-115.98
-96.37
-80.40
-68.06
-62.50
-66.17
-78.55
-95.51
-111.36
-121.36
-122.97
-116.40
-104.41
-96.23
-100.05
-118.35
-147.26
-180.50
-213.41
-244.27
-273.57
-272.29
-224.44
-136.28
-33.18
60.22
132.93
184.93
220.33
243.21
253.86
249.52
227.08
187.61
137.60
85.82
39.94
4.93
-17.42
-22.55
-14.08
1.95
21.06
41.99
65.77
94.22
129.05
170.87
217.92
262.44
294.79
307.40
297.54
267.60
223.77
174.36
127.51
89.20
60.72
40.86
28.06
21.49
20.75
24.92
32.26
40.43
47.23
50.59
49.67
45.02
38.20
30.74
23.49
16.50
9.24
1.20
-7.90
-17.53
-26.30
-32.22
-33.41
-28.87
-18.92
-5.33
9.31
22.49
32.80
40.29
46.14
51.77
58.00
64.57
70.27
73.43
72.55
66.76
55.94
40.81
22.77
3.78
-13.94
-28.40
-38.30
-43.45
-44.66
-43.42
-41.29
-39.40
-38.37
-38.43
-39.66
-42.04
-45.37
-49.09
-52.26
-53.99
-53.75
-51.63
-47.97
-42.80
-35.34
-24.09
-7.69
14.06
39.36
64.62
85.40
97.93
100.26
92.67
77.21
56.81
34.46
12.58
-7.20
-24.09
-38.03
-49.56
-59.51
-68.56
-76.79
-83.49
-87.35
-87.07
-82.09
-73.00
-61.39
-49.21
-37.88
-27.84
-18.55
-9.00
1.58
13.33
25.72
37.91
49.01
58.41
65.63
70.24
71.87
70.27
65.57
58.31
49.24
39.15
28.45
17.14
4.95
-8.35
-22.45
-36.42
-48.81
-58.12
-63.23
-63.75
-60.09
-53.23
-44.45
-35.14
-26.62
-20.03
-16.21
-15.40
-17.26
-20.81
-24.84
-28.19
-30.02
-29.77
-26.81
-20.13
-8.35
9.72
34.26
63.69
94.56
122.29
142.46
152.23
151.18
141.22
125.74
108.45
92.30
79.05
69.39
63.29
60.42
60.25
62.00
64.44
65.92
64.58
58.73
47.37
30.33
8.33
-17.40
-45.34
-73.91
-101.51
-126.56
-147.56
-163.27
-172.87
-175.97
-172.65
-163.21
-148.22
-128.42
-104.83
-78.69
-51.33
-23.88
2.87
28.48
52.59
74.56
93.17
106.70
113.43
112.43
104.24
90.98
75.91
62.37
52.75
47.74
46.39
46.72
46.46
43.74
37.18
25.78
8.90
-13.21
-38.55
-63.07
-81.32
-88.44
-82.32
-65.01
-42.26
-21.26
-7.77
-3.92
-7.94
-15.66
-22.77
-26.54
-26.27
-22.44
-15.75
-6.50
5.24
19.05
33.86
48.03
59.89
68.20
72.56
73.35
71.38
67.73
63.48
59.60
56.70
54.96
54.09
53.65
53.36
53.30
53.92
55.82
59.39
64.58
70.79
77.03
82.17
85.03
84.60
80.28
71.96
60.23
46.39
32.31
19.96
10.78
5.04
1.24
-3.84
-14.40
-34.11
-64.33
-102.86
-144.13
-180.78
-206.16
-216.56
-212.29
-197.07
-176.30
-155.09
-136.77
-122.59
-112.07
-103.76
-95.91
-87.00
-76.13
-63.05
-48.21
-32.35
-16.18
-0.04
16.02
31.97
47.67
62.74
76.51
88.13
96.28
99.05
94.34
80.88
59.73
35.16
13.93
2.93
6.19
22.84
47.42
72.39
91.41
101.93
105.29
104.73
102.46
97.76
87.28
67.24
36.34
-2.59
-43.17
-77.93
-101.36
-111.80
-111.50
-104.88
-96.16
-87.52
-79.11
-69.99
-59.67
-48.90
-39.32
-32.46
-28.63
-26.61
-24.05
-18.68
-9.39
3.09
16.27
26.73
31.43
29.07
20.91
10.68
3.36
3.49
13.44
32.37
56.48
80.20
98.04
106.35
104.41
94.45
80.62
67.36
57.63
51.94
48.37
43.72
35.15
21.75
5.08
-11.27
-23.13
-27.34
-22.97
-11.90
1.55
11.48
11.99
-1.08
-28.55
-67.15
-110.17
-149.30
-177.35
-190.45
-188.95
-176.68
-158.96
-140.50
-124.02
-110.06
-97.79
-86.12
-74.56
-63.37
-53.42
-45.80
-41.43
-40.68
-42.97
-46.42
-48.09
-44.82
-34.61
-17.81
2.52
21.37
33.63
35.93
27.71
11.04
-10.58
-33.39
-54.17
-70.09
-78.32
-75.80
-59.98
-30.20
11.04
57.99
102.89
138.42
159.99
167.04
162.42
150.68
135.93
120.60
105.46
90.51
75.94
62.76
52.49
46.44
45.01
47.50
52.40
57.97
62.77
65.89
67.02
66.17
63.32
58.23
50.52
39.99
27.01
12.77
-0.78
-11.50
-17.75
-18.92
-15.67
-9.65
-3.01
2.23
4.60
3.47
-0.78
-6.85
-12.67
-15.81
-14.19
-6.67
6.35
22.94
40.03
54.33
63.26
65.61
61.82
53.63
43.40
33.47
25.49
20.15
17.22
15.74
14.39
11.88
7.30
0.42
-8.21
-17.40
-25.70
-31.94
-35.73
-37.58
-38.69
-40.39
-43.54
-48.24
-54.02
-60.14
-66.16
-71.96
-77.68
-83.34
-88.69
-93.10
-95.66
-95.28
-90.76
-81.09
-65.88
-45.88
-23.19
-0.82
18.27
32.39
41.82
48.75
56.26
66.82
81.23
98.27
115.35
129.72
139.46
144.00
143.84
139.78
132.25
121.12
105.91
86.60
64.19
40.69
18.60
-0.12
-14.76
-25.99
-35.24
-43.78
-52.03
-59.45
-65.10
-68.50
-70.20
-71.87
-75.71
-83.56
-96.11
-112.66
-131.41
-150.11
-166.89
-180.57
-190.75
-197.51
-201.02
-201.23
-197.69
-189.52
-175.51
-154.44
-125.50
-88.90
-46.31
-1.02
42.71
80.60
109.61
128.76
139.24
143.74
145.41
146.75
149.03
152.21
155.49
157.99
159.27
159.61
159.85
160.88
163.16
166.23
168.63
168.15
162.39
149.44
128.34
99.15
62.83
20.96
-24.41
-70.70
-114.71
-152.95
-182.15
-200.09
-206.40
-202.66
-191.96
-177.96
-163.90
-151.92
-142.91
-136.81
-133.01
-130.54
-128.03
-123.72
-115.77
-102.76
-84.38
-61.68
-36.83
-12.26
10.19
29.80
46.80
61.85
75.33
86.97
96.02
101.72
103.81
102.65
99.08
93.90
87.57
80.13
71.33
60.94
49.06
36.27
23.57
12.11
2.91
-3.33
-6.26
-5.81
-2.09
4.44
12.91
21.79
29.19
33.19
32.51
26.95
17.48
5.92
-5.76
-16.09
-24.61
-31.80
-38.78
-46.67
-55.97
-66.16
-75.64
-82.00
-82.50
-74.65
-56.76
-28.47
8.72
51.38
94.47
132.53
161.09
177.83
182.73
177.20
162.61
139.27
106.57
64.19
13.80
-39.92
-89.68
-127.38
-146.48
-144.09
-121.78
-85.07
-41.81
-0.12
33.63
55.93
66.36
66.70
59.70
47.89
33.10
16.64
-0.06
-15.19
-26.68
-32.93
-33.67
-30.30
-25.51
-22.29
-22.89
-28.16
-37.67
-50.35
-64.99
-80.46
-95.40
-107.85
-115.35
-115.69
-108.00
-93.39
-74.54
-54.39
-34.67
-15.19
5.87
30.67
60.37
94.49
131.23
168.29
203.67
235.87
263.66
285.70
300.34
305.97
301.51
286.87
263.10
232.15
196.45
158.34
119.78
82.08
46.10
12.64
-17.37
-42.75
-62.47
-76.08
-84.21
-88.48
-91.17
-94.33
-99.23
-106.03
-114.13
-122.64
-131.04
-139.40
-148.28
-158.23
-169.23
-180.35
-189.87
-195.77
-196.58
-192.01
-183.16
-172.02
-160.53
-149.65
-139.07
-127.63
-114.12
-98.05
-79.71
-59.82
-39.03
-18.07
1.86
18.86
30.91
37.14
38.92
39.79
43.97
54.10
69.53
86.49
99.98
106.41
105.29
99.08
91.44
85.07
80.45
76.13
70.13
61.36
50.26
38.35
27.31
18.07
10.51
3.75
-3.08
-10.27
-17.29
-23.09
-26.71
-27.75
-26.52
-23.84
-20.56
-17.23
-13.90
-10.42
-6.70
-2.98
0.15
2.00
2.08
0.37
-2.64
-6.07
-8.91
-10.39
-10.11
-8.15
-5.07
-1.68
1.10
2.54
2.26
0.35
-2.64
-5.84
-8.36
-9.51
-9.07
-7.27
-4.71
-2.11
-0.08
1.08
1.36
0.97
0.18
-0.84
-2.00
-3.35
-4.99
-7.07
-9.77
-13.19
-17.22
-21.39
-24.88
-26.68
-25.94
-22.41
-16.52
-9.35
-2.18
3.96
8.59
11.71
13.62
14.52
14.38
13.07
10.55
7.09
3.25
-0.28
-3.00
-4.66
-5.28
-4.92
-3.58
-1.13
2.54
7.31
12.79
18.28
23.02
26.38
28.01
27.97
26.60
24.38
21.78
19.22
17.00
15.40
14.68
15.08
16.77
19.69
23.42
27.25
30.29
31.79
31.41
29.40
26.52
23.84
22.33
22.62
24.79
28.38
32.51
36.06
37.95
37.29
33.64
27.08
18.28
8.45
-1.05
-9.02
-14.87
-18.68
-21.02
-22.56
-23.51
-23.51
-21.75
-17.61
-11.20
-3.68
3.08
7.31
8.03
5.50
0.92
-4.31
-9.25
-13.69
-17.92
-22.16
-26.23
-29.53
-31.45
-31.80
-30.97
-29.74
-28.90
-28.87
-29.68
-31.12
-33.09
-35.77
-39.63
-45.14
-52.54
-61.55
-71.23
-80.14
-86.50
-88.61
-85.33
-76.44
-62.80
-46.29
-29.39
-14.63
-4.09
1.14
1.04
-3.27
-9.97
-16.87
-22.00
-23.90
-21.97
-16.47
-8.40
0.78
9.54
16.62
21.28
23.38
23.26
21.58
18.98
15.99
12.87
9.69
6.44
3.13
-0.20
-3.46
-6.62
-9.68
-12.65
-15.47
-17.98
-19.84
-20.66
-20.04
-17.64
-13.31
-7.14
0.51
9.01
17.60
25.51
32.19
37.41
41.27
44.10
46.29
48.01
49.17
49.39
48.19
45.20
40.24
33.54
25.57
16.98
8.39
0.27
-7.14
-13.77
-19.65
-24.78
-29.08
-32.38
-34.53
-35.37
-34.83
-32.95
-29.92
-26.11
-22.14
-18.72
-16.61
-16.27
-17.75
-20.57
-23.81
-26.39
-27.29
-25.85
-21.87
-15.63
-7.83
0.65
8.82
15.87
21.23
24.63
26.11
25.85
24.09
21.04
16.96
12.13
7.03
2.22
-1.80
-4.69
-6.45
-7.32
-7.60
-7.42
-6.52
-4.32
-0.28
5.73
13.12
20.52
26.21
28.54
26.46
19.81
9.37
-3.07
-15.09
-23.96
-27.30
-23.66
-13.07
2.92
21.60
39.88
55.06
65.32
69.89
68.84
62.78
52.72
39.99
26.27
13.33
2.79
-4.27
-7.54
-7.60
-5.71
-3.47
-2.30
-3.00
-5.60
-9.35
-13.14
-15.93
-17.17
-16.93
-15.66
-13.93
-12.09
-10.39
-9.13
-8.94
-10.77
-15.47
-23.27
-33.38
-44.03
-53.04
-58.54
-59.55
-56.12
-49.00
-39.26
-27.89
-15.74
-3.53
8.06
18.46
27.31
34.56
40.36
44.94
48.42
50.84
52.18
52.57
52.23
51.35
49.91
47.63
44.06
38.76
31.63
22.96
13.38
3.65
-5.62
-14.14
-21.96
-29.32
-36.43
-43.31
-49.58
-54.56
-57.38
-57.28
-53.90
-47.45
-38.74
-28.92
-19.27
-10.77
-3.87
1.62
6.45
11.61
17.86
25.32
33.26
40.22
44.55
45.05
41.48
34.72
26.50
18.76
13.15
10.67
11.61
15.77
22.53
31.01
40.14
48.73
55.62
59.79
60.45
57.07
49.45
37.71
22.43
4.67
-14.13
-32.31
-48.38
-61.14
-69.80
-73.89
-73.21
-67.87
-58.47
-46.14
-32.55
-19.52
-8.66
-0.89
3.67
5.65
6.04
5.97
6.42
8.16
11.65
16.81
22.85
28.28
31.24
30.29
25.02
16.42
6.46
-2.75
-9.88
-14.79
-18.33
-21.53
-24.83
-27.74
-29.15
-28.08
-24.29
-18.56
-12.34
-7.14
-3.96
-2.90
-3.41
-4.62
-5.81
-6.70
-7.34
-7.97
-8.71
-9.48
-10.07
-10.31
-10.16
-9.76
-9.29
-8.95
-8.86
-9.20
-10.08
-11.25
-11.97
-10.97
-6.95
0.65
11.05
22.12
31.08
35.75
35.53
31.65
26.57
22.86
22.13
24.70
29.95
36.92
44.92
53.65
62.87
72.00
79.94
85.18
86.31
82.45
73.65
60.79
45.16
27.96
9.87
-8.93
-28.45
-48.31
-67.47
-84.36
-97.42
-105.76
-109.55
-109.80
-107.74
-104.20
-99.28
-92.66
-84.11
-73.84
-62.57
-51.06
-39.68
-28.34
-16.72
-4.76
7.23
18.73
29.42
39.44
49.18
58.88
68.12
75.97
81.37
83.89
84.03
82.94
81.78
81.02
80.24
78.57
75.29
70.37
64.52
58.82
54.18
50.94
48.83
47.18
45.18
42.23
38.00
32.41
25.48
17.23
7.67
-3.06
-14.48
-25.68
-35.41
-42.48
-46.13
-45.84
-40.93
-30.22
-12.38
12.83
43.30
74.26
99.53
113.98
115.80
107.17
92.89
77.75
64.23
51.91
38.76
23.30
6.07
-10.59
-24.14
-33.53
-40.12
-46.95
-57.14
-72.31
-91.95
-113.73
-134.60
-151.93
-164.11
-170.42
-170.58
-164.37
-151.52
-132.18
-107.31
-78.92
-49.90
-23.32
-1.87
12.77
20.16
21.06
17.16
10.63
3.67
-2.05
-5.57
-6.81
-6.29
-4.83
-3.22
-2.01
-1.40
-1.38
-1.82
-2.56
-3.43
-4.30
-5.07
-5.85
-6.99
-9.12
-13.03
-19.28
-27.89
-37.93
-47.59
-54.58
-56.80
-53.12
-43.80
-30.47
-15.61
-1.72
9.31
16.57
20.20
20.98
20.07
18.63
17.63
17.72
19.17
21.78
24.97
27.96
30.00
30.56
29.49
26.95
23.35
19.18
14.86
10.64
6.59
2.61
-1.52
-6.01
-11.01
-16.47
-22.11
-27.32
-31.30
-33.23
-32.50
-28.97
-23.00
-15.45
-7.27
0.65
7.79
14.08
19.79
25.46
31.56
38.36
45.77
53.23
59.89
64.72
66.90
65.99
62.14
56.01
48.63
41.11
34.31
28.70
24.41
21.34
19.35
18.40
18.46
19.36
20.62
21.43
20.84
18.02
12.60
4.73
-4.94
-15.38
-25.54
-34.36
-41.06
-45.11
-46.38
-45.10
-41.84
-37.28
-31.98
-26.26
-20.17
-13.59
-6.45
1.09
8.65
15.61
21.34
25.43
27.82
28.83
29.00
28.85
28.64
28.30
27.50
25.88
23.28
19.91
16.30
13.11
10.93
10.01
10.24
11.26
12.67
14.24
15.97
18.01
20.42
22.97
25.14
26.20
25.56
22.98
18.68
13.19
7.10
0.83
-5.40
-11.48
-17.31
-22.66
-27.26
-30.83
-33.23
-34.50
-34.81
-34.43
-33.57
-32.33
-30.68
-28.49
-25.70
-22.28
-18.26
-13.55
-7.93
-1.14
6.88
15.75
24.60
32.27
37.70
40.30
40.10
37.61
33.51
28.45
23.01
17.75
13.32
10.38
9.38
10.30
12.64
15.49
17.92
19.16
18.70
16.24
11.56
4.50
-4.91
-16.34
-28.97
-41.64
-52.93
-61.46
-66.18
-66.54
-62.61
-55.09
-45.12
-34.11
-23.45
-14.21
-6.97
-1.82
1.52
3.54
4.63
5.10
5.06
4.52
3.51
2.27
1.32
1.43
3.37
7.54
13.71
20.98
28.01
33.49
36.51
36.79
34.63
30.71
25.82
20.76
16.25
12.84
10.81
10.06
10.15
10.41
10.21
9.19
7.31
4.74
1.69
-1.60
-4.92
-8.00
-10.45
-11.77
-11.48
-9.32
-5.32
0.11
6.28
12.40
17.80
22.06
25.02
26.65
26.83
25.38
22.14
17.29
11.58
6.17
2.25
0.49
0.77
2.33
4.35
6.53
9.35
13.68
20.23
28.98
39.10
49.27
58.24
65.10
69.23
70.15
67.35
60.56
50.08
37.05
23.29
10.69
0.56
-6.89
-12.48
-17.54
-23.17
-29.73
-36.75
-43.17
-47.94
-50.44
-50.63
-48.95
-45.96
-42.09
-37.57
-32.58
-27.36
-22.37
-18.19
-15.27
-13.77
-13.37
-13.49
-13.54
-13.19
-12.53
-12.05
-12.35
-13.90
-16.83
-20.82
-25.10
-28.57
-29.95
-28.16
-22.70
-14.04
-3.70
6.08
13.08
15.88
14.37
9.66
3.54
-2.41
-7.37
-11.38
-14.94
-18.52
-22.15
-25.39
-27.55
-27.99
-26.29
-22.32
-16.22
-8.43
0.29
8.91
16.33
21.83
25.24
27.00
27.67
27.43
25.82
21.99
15.29
5.92
-5.02
-15.82
-24.74
-30.27
-31.06
-25.76
-13.20
6.90
33.19
62.39
90.10
112.15
126.01
131.34
129.41
122.01
110.47
95.51
77.74
58.35
39.38
23.27
12.04
6.47
5.85
8.25
11.23
12.63
11.31
7.45
2.37
-2.10
-4.52
-4.50
-2.88
-1.33
-1.55
-4.47
-9.84
-16.45
-22.77
-27.61
-30.58
-32.08
-32.87
-33.63
-34.70
-36.06
-37.52
-38.99
-40.61
-42.71
-45.58
-49.30
-53.75
-58.67
-63.78
-68.95
-74.06
-79.05
-83.80
-88.17
-91.87
-94.48
-95.37
-93.77
-88.95
-80.55
-68.82
-54.77
-40.09
-26.77
-16.48
-10.04
-7.03
-5.94
-4.63
-1.11
5.82
16.15
28.79
42.07
54.28
64.12
70.73
73.57
72.30
66.89
57.86
46.53
34.81
24.75
17.93
15.05
15.91
19.65
25.21
31.51
37.58
42.46
45.20
45.14
42.06
36.43
29.16
21.29
13.59
6.40
-0.14
-5.83
-10.17
-12.46
-12.19
-9.44
-5.12
-0.82
1.72
1.32
-2.16
-7.77
-13.91
-19.11
-22.58
-24.57
-26.09
-28.38
-32.34
-38.17
-45.38
-52.98
-59.84
-64.98
-67.90
-68.61
-67.63
-65.78
-63.84
-62.21
-60.78
-59.01
-56.20
-51.77
-45.53
-37.83
-29.70
-22.78
-19.01
-20.06
-26.57
-37.57
-50.49
-61.90
-68.77
-69.54
-64.59
-55.91
-45.93
-36.55
-28.51
-21.59
-15.25
-9.30
-4.16
-0.56
1.05
1.02
0.45
0.74
2.87
6.84
11.66
15.87
18.31
18.64
17.48
15.99
15.22
15.63
16.94
18.33
18.87
17.90
15.26
11.28
6.68
2.32
-0.96
-2.61
-2.41
-0.58
2.36
5.71
8.85
11.36
13.06
14.05
14.58
14.98
15.53
16.21
16.58
15.76
12.73
6.88
-1.36
-10.37
-17.74
-21.20
-19.63
-13.58
-5.05
3.41
9.75
13.09
13.69
12.33
9.72
6.09
1.37
-4.42
-10.86
-17.12
-22.35
-26.03
-28.22
-29.43
-30.22
-30.81
-30.87
-29.70
-26.55
-21.18
-13.96
-5.86
1.90
8.25
12.56
14.76
15.18
14.35
12.72
10.59
8.02
5.03
1.70
-1.73
-4.87
-7.34
-8.86
-9.42
-9.26
-8.76
-8.34
-8.35
-9.04
-10.40
-12.06
-13.18
-12.62
-9.26
-2.45
7.60
19.83
32.59
44.15
53.09
58.51
60.05
57.79
52.22
44.27
35.32
27.00
20.84
17.83
18.08
20.84
24.77
28.31
30.14
29.44
25.93
19.82
11.69
2.31
-7.35
-16.31
-23.65
-28.71
-31.20
-31.35
-29.73
-27.04
-23.87
-20.52
-17.06
-13.58
-10.38
-8.19
-7.95
-10.53
-16.34
-25.11
-35.82
-46.89
-56.56
-63.20
-65.69
-63.63
-57.47
-48.46
-38.31
-28.79
-21.14
-15.72
-12.00
-8.88
-5.31
-0.71
4.82
10.68
16.16
20.79
24.41
27.10
28.90
29.64
29.03
26.73
22.66
17.07
10.51
3.76
-2.37
-7.22
-10.44
-12.08
-12.63
-12.88
-13.67
-15.59
-18.82
-23.06
-27.71
-32.15
-36.03
-39.31
-42.12
-44.39
-45.47
-44.05
-38.46
-27.32
-10.26
11.65
36.06
59.82
79.75
93.21
98.63
95.69
85.38
69.83
51.85
34.20
18.88
6.64
-3.03
-11.29
-19.19
-27.13
-34.70
-41.00
-45.23
-47.03
-46.60
-44.47
-41.22
-37.28
-32.93
-28.40
-24.05
-20.53
-18.59
-18.86
-21.54
-26.26
-32.27
-38.74
-45.05
-50.70
-55.01
-56.88
-54.86
-47.76
-35.31
-18.57
0.40
19.27
36.39
51.12
63.70
74.54
83.68
90.66
94.93
96.41
95.75
94.02
92.18
90.43
88.16
84.23
77.61
67.90
55.62
41.90
28.08
15.22
3.87
-5.78
-13.74
-19.92
-24.12
-26.17
-26.21
-24.87
-23.27
-22.81
-24.71
-29.63
-37.35
-46.66
-55.63
-61.95
-63.57
-59.27
-49.00
-33.96
-16.29
1.51
17.30
29.78
38.67
44.48
48.06
50.12
50.89
50.23
47.87
43.82
38.50
32.64
26.90
21.59
16.53
11.20
5.13
-1.75
-8.96
-15.64
-20.98
-24.58
-26.70
-28.08
-29.57
-31.65
-34.14
-36.36
-37.45
-36.97
-35.23
-33.31
-32.55
-33.81
-36.84
-40.11
-41.20
-37.63
-27.93
-12.30
7.39
28.10
46.70
60.81
69.30
72.32
71.25
68.62
67.86
72.56
85.06
104.97
128.43
149.07
160.31
158.24
143.36
120.20
95.02
72.81
55.48
41.86
29.53
16.73
3.51
-8.78
-18.81
-26.39
-32.66
-39.37
-47.72
-57.60
-67.46
-75.06
-78.37
-76.36
-69.23
-58.21
-44.88
-30.55
-15.93
-1.09
14.19
30.02
46.12
61.80
76.08
87.96
96.63
101.54
102.40
99.16
91.89
80.84
66.43
49.28
30.26
10.47
-8.79
-26.20
-40.59
-51.11
-57.44
-59.89
-59.38
-57.36
-55.53
-55.44
-58.15
-63.85
-71.92
-81.07
-89.89
-97.31
-102.91
-106.89
-109.66
-111.38
-111.57
-109.08
-102.60
-91.24
-75.08
-55.29
-33.82
-12.79
6.14
22.06
34.66
44.04
50.33
53.71
54.41
52.86
49.66
45.45
40.77
35.97
31.35
27.26
24.12
22.33
22.12
23.51
26.39
30.85
37.36
46.75
59.78
76.47
95.47
113.93
128.06
134.27
130.41
116.60
95.19
69.79
43.99
20.14
-0.93
-19.48
-35.82
-49.47
-58.92
-62.16
-57.60
-44.96
-25.62
-2.27
21.84
43.77
61.40
73.65
80.38
82.14
79.99
75.29
69.36
63.10
56.66
49.41
40.22
28.10
12.81
-4.81
-22.91
-39.24
-51.75
-59.21
-61.41
-59.09
-53.62
-46.63
-39.78
-34.45
-31.58
-31.64
-34.59
-40.02
-47.28
-55.70
-64.62
-73.47
-81.76
-88.99
-94.67
-98.31
-99.36
-97.21
-91.33
-81.32
-67.20
-49.58
-29.69
-9.19
10.35
27.95
43.43
57.18
69.64
80.71
89.59
95.10
96.21
92.65
84.98
74.34
61.92
48.48
34.31
19.44
4.17
-10.66
-23.70
-33.49
-39.01
-40.07
-37.46
-32.65
-27.26
-22.55
-19.09
-16.84
-15.56
-15.13
-15.86
-18.35
-23.11
-30.08
-38.36
-46.25
-51.66
-52.71
-48.32
-38.50
-24.40
-7.84
9.18
24.99
38.55
49.38
57.36
62.45
64.52
63.45
59.30
52.56
44.22
35.58
27.93
22.22
18.90
18.02
19.36
22.55
27.04
31.91
35.92
37.69
36.23
31.30
23.57
14.28
4.65
-4.62
-13.51
-22.34
-31.29
-40.02
-47.71
-53.44
-56.78
-58.04
-58.18
-58.37
-59.34
-61.04
-62.64
-62.90
-60.74
-55.63
-47.83
-38.11
-27.45
-16.66
-6.20
3.68
12.78
20.73
26.98
30.97
32.42
31.54
29.01
25.78
22.73
20.45
19.05
18.35
18.01
17.82
17.71
17.78
18.15
18.81
19.57
20.12
20.08
19.18
17.30
14.57
11.27
7.79
4.47
1.50
-1.06
-3.33
-5.48
-7.68
-10.08
-12.76
-15.74
-18.92
-22.03
-24.52
-25.65
-24.61
-20.81
-14.06
-4.77
6.12
17.35
27.58
35.67
40.80
42.66
41.45
37.95
33.39
29.22
26.70
26.43
28.10
30.55
32.24
31.78
28.56
22.91
15.92
8.95
3.06
-1.23
-4.06
-5.87
-7.18
-8.34
-9.50
-10.73
-12.07
-13.64
-15.54
-17.83
-20.50
-23.52
-26.83
-30.29
-33.59
-36.16
-37.23
-35.93
-31.72
-24.51
-14.87
-3.86
7.22
17.12
24.91
30.08
32.56
32.63
30.87
27.98
24.65
21.42
18.51
15.86
13.20
10.16
6.42
1.83
-3.53
-9.39
-15.27
-20.66
-25.01
-27.95
-29.34
-29.34
-28.37
-27.03
-25.90
-25.37
-25.51
-26.10
-26.65
-26.70
-26.04
-24.88
-23.85
-23.85
-25.61
-29.34
-34.36
-39.16
-41.80
-40.52
-34.49
-24.15
-11.18
1.99
12.91
19.76
21.99
20.56
17.74
16.55
19.77
28.88
43.36
60.61
76.74
87.92
91.65
87.56
77.27
63.48
48.96
35.60
24.25
14.95
7.41
1.36
-3.31
-6.59
-8.55
-9.34
-9.15
-8.16
-6.43
-4.04
-1.12
2.01
4.99
7.52
9.57
11.53
14.11
18.20
24.66
33.97
45.97
59.78
73.89
86.69
97.17
105.68
114.02
124.92
140.71
161.97
186.86
211.50
231.43
243.30
245.98
240.53
229.17
214.07
196.43
176.66
154.89
131.66
108.08
85.37
64.32
44.92
26.64
8.90
-8.42
-24.87
-39.73
-52.49
-63.20
-72.45
-81.06
-89.69
-98.47
-106.93
-114.21
-119.49
-122.34
-122.98
-122.22
-121.09
-120.47
-120.72
-121.64
-122.62
-123.00
-122.36
-120.59
-117.83
-114.37
-110.63
-107.12
-104.44
-102.96
-102.56
-102.56
-101.85
-99.51
-95.26
-89.61
-83.57
-78.04
-73.46
-69.66
-66.26
-63.02
-60.05
-57.65
-55.97
-54.78
-53.49
-51.52
-48.61
-44.99
-41.24
-37.97
-35.51
-33.76
-32.22
-30.22
-27.25
-23.10
-17.99
-12.37
-6.75
-1.44
3.49
8.08
12.38
16.39
20.11
23.63
27.06
30.49
33.82
36.76
38.94
40.14
40.34
39.74
38.55
36.85
34.52
31.20
26.56
20.36
12.69
3.90
-5.48
